[
    159,
    214,
    281,
    149,
    212,
    87,
    69,
    673,
    418,
    558,
    677,
    682,
    127,
    82,
    115,
    481,
    145,
    209,
    277,
    656,
    0,
    1,
    8,
    263,
    485,
    591,
    33,
    567,
    247,
    143,
    200,
    4,
    650,
    633,
    254,
    79,
    514,
    624,
    114,
    593,
    612,
    48,
    410,
    182,
    629,
    628,
    470,
    142,
    535,
    516,
    324,
    359,
    279,
    168,
    573,
    428,
    477,
    47,
    98,
    134,
    124,
    441,
    257,
    652,
    562,
    157,
    501,
    100,
    570,
    446,
    648,
    15,
    336,
    180,
    454,
    45,
    328,
    181,
    685,
    681,
    598,
    80,
    327,
    109,
    241,
    78,
    569,
    601,
    391,
    35,
    193,
    156,
    548,
    63,
    172,
    671,
    404,
    40,
    65,
    376,
    326,
    442,
    256,
    468,
    166,
    482,
    459,
    54,
    102,
    600,
    384,
    403,
    603,
    660,
    510,
    88,
    190,
    495,
    282,
    270,
    636,
    549,
    365,
    267,
    592,
    699,
    61,
    301,
    474,
    455,
    587,
    196,
    581,
    170,
    344,
    382,
    75,
    52,
    350,
    2,
    337,
    187,
    83,
    528,
    413,
    666,
    259,
    574,
    525,
    352,
    36,
    25,
    530,
    195,
    311,
    680,
    579,
    275,
    689,
    556,
    398,
    654,
    278,
    520,
    213,
    72,
    605,
    651,
    414,
    492,
    255,
    411,
    436,
    646,
    465,
    95,
    330,
    174,
    526,
    309,
    250,
    546,
    130,
    131,
    126,
    644,
    610,
    690,
    494,
    21,
    641,
    589,
    296,
    631,
    563,
    622,
    339,
    6,
    106,
    655,
    171,
    396,
    34,
    92,
    486,
    659,
    473,
    507,
    96,
    540,
    615,
    235,
    71,
    223,
    697,
    90,
    625,
    147,
    653,
    394,
    234,
    121,
    76,
    554,
    221,
    351,
    224,
    518,
    406,
    566,
    555,
    323,
    664,
    186,
    70,
    243,
    113,
    103,
    691,
    550,
    632,
    81,
    173,
    504,
    497,
    490,
    335,
    237,
    390,
    129,
    220,
    18,
    306,
    700,
    675,
    401,
    310,
    397,
    423,
    647,
    375,
    161,
    695,
    274,
    293,
    643,
    210,
    676,
    618,
    268,
    383,
    67,
    698,
    91,
    101,
    42,
    623,
    539,
    360,
    236,
    286,
    407,
    176,
    292,
    505,
    602,
    3,
    183,
    266,
    39,
    559,
    120,
    144,
    667,
    639,
    23,
    609,
    661,
    368,
    110,
    24,
    412,
    152,
    148,
    139,
    513,
    552,
    417,
    108,
    415,
    276,
    93,
    483,
    463,
    122,
    41,
    367,
    84,
    333,
    479,
    355,
    226,
    496,
    674,
    125,
    321,
    77,
    551,
    371,
    668,
    11,
    225,
    361,
    372,
    692,
    137,
    577,
    487,
    635,
    222,
    508,
    500,
    607,
    329,
    303,
    374,
    10,
    533,
    356,
    272,
    205,
    538,
    493,
    358,
    385,
    14,
    620,
    608,
    488,
    38,
    16,
    517,
    434,
    50,
    386,
    141,
    701,
    522,
    575,
    392,
    111,
    445,
    341,
    53,
    657,
    696,
    464,
    541,
    545,
    240,
    565,
    219,
    62,
    167,
    658,
    586,
    198,
    304,
    146,
    663,
    249,
    104,
    46,
    348,
    273,
    399,
    419,
    288,
    320,
    460,
    165,
    188,
    308,
    283,
    316,
    230,
    197,
    583,
    582,
    544,
    369,
    158,
    534,
    529,
    160,
    203,
    588,
    594,
    638,
    89,
    74,
    232,
    531,
    31,
    596,
    207,
    338,
    5,
    366,
    462,
    244,
    532,
    189,
    202,
    107,
    421,
    637,
    297,
    342,
    118,
    56,
    381,
    192,
    169,
    307,
    595,
    68,
    28,
    150,
    478,
    678,
    30,
    153,
    451,
    13,
    453,
    502,
    672,
    164,
    491,
    291,
    571,
    59,
    211,
    572,
    557,
    314,
    185,
    524,
    362,
    542,
    132,
    584,
    354,
    405,
    289,
    280,
    294,
    379,
    688,
    456,
    349,
    649,
    679,
    568,
    613,
    298,
    377,
    437,
    20,
    364,
    37,
    175,
    576,
    228,
    206,
    616,
    284,
    29,
    561,
    684,
    128,
    264,
    32,
    262,
    484,
    66,
    251,
    560,
    242,
    665,
    204,
    138,
    216,
    151,
    580,
    229,
    425,
    489,
    318,
    626,
    252,
    155,
    440,
    683,
    564,
    416,
    12,
    457,
    315,
    325,
    290,
    521,
    208,
    670,
    640,
    191,
    140,
    409,
    49,
    686,
    116,
    519,
    604,
    334,
    363,
    215,
    619,
    58,
    194,
    85,
    343,
    499,
    184,
    154,
    319,
    408,
    389,
    227,
    642,
    17
]